0.024031882
0.061355082
0.099081062
0.137344016
0.172250642
0.207962811
0.244346164
0.280729573
0.315636144
0.352690829
0.388268713
0.426128905
0.459424445
0.492048635
0.526015451
0.561861831
0.59676842
0.633151792
0.670340744
0.703904761
0.739616912
0.773046663
0.808758813
0.842188564
0.878303404
0.912941625
0.946639854
0.981949132
1.016721491
1.051762273
1.085997604
1.124260668
1.160107012
1.19877271
1.233947813
1.270331295
1.304297983
1.340010115
1.373305673
1.408614988
1.443521559
1.477622568
1.513469022
1.546898718
1.583819192
1.61912858
1.655646237
1.695654562
1.731769438
1.769361115
1.804804788
1.841859437
1.877840101
1.916103056
1.951009663
1.985781986
2.020957016
2.057743242
2.09238139
2.125542585
2.159509223
2.195221424
2.235364033
2.274432585
2.315380683
2.350018758
2.386267882
2.42426234
2.461854017
2.498908703
2.536231958
2.570869996
2.608327425
2.646858912
2.682168337
2.720162795
2.757083122
2.796957272
2.835085979
2.878316475
2.918593333
2.955379412
2.994985067
3.033382269
3.073122026
3.110713736
3.147231429
3.189522081
3.230872957
3.272895115
3.314514506
3.355462616
3.399498615
3.44353461
3.489584455
3.531472355
3.569332574
3.609340892
3.645590039
3.68680666
3.726277947
3.766286272
3.807502888
3.846168646
3.8869825
3.925648244
3.969952776
4.011974926
4.057084973
4.099375642
4.138444167
4.178721001
4.220474642
4.259945929
4.299551482
4.340231093
4.379970876
4.419173676
4.457168152
4.495699648
4.533828373
4.571151554
4.616127358
4.655464397
4.699097628
4.738434658
4.779382774
4.815631907
4.856043013
4.896319834
4.93337451
4.97163751
5.007349624
5.046686654
5.084815387
5.126032008
5.161609892
5.19705351
5.238941399
5.280158047
5.318018239
5.351313724
5.387562903
5.423006465
5.459389911
5.49577332
5.535378864
5.572165017
5.60787713
5.646677205
5.683597551
5.72038374
5.758512465
5.798789304
5.836649514
5.878268888
5.913175477
5.950632962
5.986747819
6.022594254
6.06112576
6.097509113
6.132952768
6.169470388
6.210552788
6.248412962
6.274707979
